PATIENTS WITHOUT MATCHING PHENOTYPES
==================================================

Total patients without phenotypes: 117
Generated on: 2025-08-12 11:52:40

Patient IDs:
--------------------
10002559
10151651
10250358
10284837
10316305
10392040
10523012
10688531
10700636
10922498
11079985
11278380
11324238
11577403
11647491
11688195
11767299
11842963
11854321
11888035
12001937
12130828
12235240
12617223
12704606
12722962
12754447
12771280
12781657
12825862
13085617
13106750
13209315
13367745
13437563
13451981
13508888
13567471
13627190
13634880
13654965
13675529
13695907
13730709
13740941
13781328
13821814
13976005
13981659
14033008
14178020
14320593
14333255
14576761
14590170
14626973
14732233
14854816
14957582
15108208
15195372
15233085
15294429
15307047
15451063
15492505
15514132
15544017
15852564
15907798
15970167
15993150
16139394
16207589
16229227
16231083
16267288
16288705
16402426
16421765
16466842
16487527
16788366
16946907
17154219
17268424
17296899
17352429
17376843
17450061
17581084
17843214
17914906
17938612
17951297
18048640
18199665
18235940
18329549
18384100
18509542
18528509
18580738
18787543
18885161
18946945
19046152
19155041
19214032
19226989
19241448
19378187
19476459
19593028
19900111
19921868
19973700
